[First line is workflowCount. Then, Start: activityBumber, blindServiceId, resource]
8
0	0	0
1	20	1
2	40	2
3	60	3
4	80	4
5	100	5
6	120	6
7	140	7
8	160	8

0	1	21
1	21	22
2	41	23
3	61	24
4	81	25
5	101	26
6	121	27
7	141	28
8	161	29

0	2	9
1	22	10
2	42	11
3	62	12
4	82	13
5	102	14
6	122	15
7	142	16
8	162	17

0	3	18
1	23	19
2	43	20
3	63	30
4	83	31
5	103	32
6	123	33
7	143	34
8	163	35

0	7	36
1	27	37
2	47	38
3	67	39
4	87	40
5	107	41
6	127	42
7	147	43
8	167	44

0	8	45
1	27	46
2	47	47
3	67	48
4	87	49
5	107	50
6	127	51
7	147	52
8	167	53

0	9	54
1	29	55
2	49	56
3	69	57
4	89	58
5	109	59
6	129	60
7	149	61
8	169	62

0	10	63
1	29	64
2	49	65
3	69	66
4	89	67
5	109	68
6	129	69
7	149	70
8	169	71
