[id, type, use_type, price]
0	0	1	39
1	0	2	38
2	0	2	21
3	4	1	28
4	4	2	31
5	0	1	35
6	0	1	32
7	3	2	20
8	2	1	27
9	3	2	35
10	4	2	22
11	3	2	30
12	1	2	34
13	3	1	28
14	0	2	27
15	1	2	35
16	2	2	27
17	2	2	22
18	1	2	29
19	0	1	23
20	0	1	27
21	1	2	26
22	1	1	29
23	2	1	27
24	2	1	35
25	4	2	28
26	4	2	36
27	3	1	34
28	2	2	33
29	1	2	22
30	0	1	25
31	3	1	34
32	0	2	23
33	1	2	26
34	4	2	33
35	4	1	21
36	2	1	28
37	4	1	39
38	3	2	38
39	0	2	22
40	3	1	22
41	1	1	35
42	1	1	36
43	2	2	27
44	0	2	32
45	1	1	35
46	4	1	22
47	1	1	31
48	4	1	25
49	2	2	34
50	3	1	32
51	4	2	37
52	1	2	37
53	4	2	23
54	1	2	37
55	3	1	26
56	1	1	35
57	3	2	27
58	4	1	27
59	4	1	22
60	4	2	31
61	3	1	38
62	4	1	37
63	2	1	38
64	1	2	21
65	2	2	29
66	4	1	32
67	3	2	37
68	2	1	26
69	2	2	31
70	4	2	22
71	3	2	29
72	0	1	33
73	2	1	26
74	0	1	31
75	4	1	35
76	2	1	33
77	3	2	25
78	4	2	25
79	3	1	22
80	3	2	33
81	4	2	21
82	1	1	22
83	2	2	28
84	2	2	24
85	4	2	25
86	0	1	39
87	2	2	33
88	2	2	35
89	4	2	29
90	3	1	31
91	2	1	25
92	2	2	32
93	3	1	25
94	2	2	21
95	1	2	33
96	1	2	29
97	3	1	37
98	1	2	23
99	2	1	33
100	1	2	36
101	4	2	24
102	3	1	31
103	0	1	31
104	0	1	28
105	1	2	38
106	4	1	23
107	3	2	38
108	0	1	24
109	0	1	30
110	1	1	28
111	2	1	26
112	2	2	26
113	4	1	25
114	1	2	23
115	0	2	28
116	3	1	24
117	3	2	23
118	2	1	22
119	2	1	25
120	0	2	34
121	2	1	27
122	2	1	21
123	0	2	35
124	4	1	39
125	1	1	26
126	3	1	37
127	0	2	37
128	4	2	38
129	2	1	23
130	3	1	32
131	3	2	27
132	4	2	39
133	0	2	26
134	3	2	31
135	1	1	30
136	1	2	38
137	3	1	25
138	2	1	32
139	4	2	33
140	3	1	25
141	3	2	38
142	2	1	39
143	1	2	37
144	4	1	21
145	2	1	23
146	2	2	27
147	4	1	25
148	1	2	32
149	0	1	35
150	4	2	20
151	4	1	34
152	3	1	37
153	1	1	30
154	1	1	35
155	2	2	20
156	0	2	21
157	0	1	34
158	3	1	33
159	3	2	36
160	3	2	24
161	1	2	31
162	3	1	29
163	4	2	30
164	3	2	26
165	3	2	37
166	1	1	29
167	1	1	22
168	3	1	32
169	3	2	24
170	4	1	26
171	2	2	35
172	3	1	34
173	1	2	21
174	4	1	34
175	1	1	22
176	0	1	30
177	3	2	35
178	0	1	30
179	1	2	20
180	0	1	36
181	4	2	27
182	3	1	20
183	3	1	30
184	2	1	20
185	1	1	20
186	3	2	27
187	1	2	37
188	2	2	34
189	2	2	37
190	4	2	29
191	3	1	34
192	0	1	36
193	4	2	33
194	1	1	21
195	4	2	22
196	1	2	34
197	3	1	28
198	3	1	25
199	4	2	33
200	1	1	33
201	0	1	27
202	1	2	25
203	3	1	33
204	2	2	24
205	1	1	27
206	1	1	33
207	0	1	26
208	4	1	20
209	2	2	20
210	3	2	36
211	4	1	32
212	0	2	37
213	2	1	24
214	4	2	34
215	2	2	39
216	0	1	26
217	4	1	25
218	0	1	24
219	1	1	21
220	2	2	37
221	1	2	35
222	0	2	29
223	4	2	33
224	0	1	22
225	2	1	20
226	0	1	35
227	2	1	24
228	2	2	34
229	1	1	21
230	3	1	35
231	0	1	29
232	3	2	38
233	2	1	22
234	4	1	30
235	1	2	29
236	0	2	38
237	0	2	35
238	2	1	24
239	3	2	27
240	3	2	35
241	2	1	24
242	0	1	21
243	0	1	33
244	0	1	27
245	1	1	38
246	4	2	34
247	4	2	36
248	0	1	24
249	2	1	35
250	3	2	34
251	3	1	28
252	0	1	38
253	3	1	32
254	2	2	22
255	0	2	39
256	2	2	25
257	1	2	21
258	4	2	33
259	2	2	35
260	4	1	39
261	0	1	26
262	2	1	27
263	2	2	38
264	1	1	30
265	2	2	32
266	3	1	31
267	1	2	25
268	1	1	37
269	3	1	38
270	2	1	28
271	4	1	28
272	3	1	28
273	0	2	25
274	1	1	26
275	0	2	31
276	1	1	37
277	4	2	20
278	3	2	32
279	4	2	33
280	4	1	33
281	3	1	20
282	3	2	24
283	3	2	35
284	2	2	34
285	1	1	20
286	1	1	22
287	0	2	36
288	2	1	22
289	2	1	24
290	0	1	26
291	0	2	27
292	0	2	32
293	0	1	32
294	3	2	29
295	3	1	26
296	2	2	38
297	0	2	26
298	4	2	29
299	2	2	33
300	0	2	36
301	1	2	36
302	1	1	23
303	1	1	30
304	4	2	27
305	1	1	24
306	0	1	21
307	4	1	31
308	0	2	24
309	2	2	28
310	1	2	29
311	3	2	35
312	1	2	34
313	1	1	26
314	3	1	32
315	4	2	33
316	4	1	25
317	3	2	34
318	2	1	22
319	3	1	34
320	1	2	33
321	3	1	21
322	0	2	22
323	3	2	28
324	1	2	39
325	2	1	39
326	1	2	33
327	3	2	27
328	2	1	30
329	3	1	25
330	0	2	33
331	0	2	35
332	3	1	25
333	1	1	33
334	3	2	23
335	1	1	27
336	3	1	27
337	0	2	25
338	2	1	39
339	1	2	33
340	3	2	31
341	3	1	36
342	2	1	23
343	4	1	37
344	0	1	38
345	1	1	39
346	4	2	33
347	4	1	34
348	0	2	38
349	2	2	27
350	3	1	35
351	0	1	35
352	1	1	37
353	4	2	24
354	3	1	37
355	2	2	35
356	0	1	37
357	3	2	26
358	2	2	36
359	3	1	24
360	0	1	29
361	3	2	35
362	2	1	37
363	4	1	25
364	2	1	24
365	0	2	24
366	1	1	26
367	4	2	30
368	2	2	37
369	1	1	39
370	2	2	29
371	1	1	35
372	2	1	31
373	4	1	29
374	2	1	23
375	4	1	28
376	1	2	22
377	3	1	31
378	1	2	31
379	3	2	31
380	1	2	30
381	1	1	31
382	2	2	35
383	2	1	38
384	0	1	34
385	4	1	25
386	3	1	39
387	4	1	27
388	2	1	32
389	4	1	31
390	0	1	28
391	0	1	22
392	1	2	24
393	4	1	28
394	1	1	39
395	0	2	27
396	4	2	38
397	2	2	35
398	1	1	30
399	4	1	31
400	1	1	24
401	1	2	20
402	3	1	29
403	3	2	35
404	0	1	28
405	0	1	39
406	3	1	29
407	1	1	26
408	0	1	37
409	1	2	36
410	2	1	30
411	1	2	31
412	3	1	20
413	3	1	30
414	0	2	32
415	1	2	24
416	1	2	21
417	3	2	39
418	4	1	24
419	3	2	37
420	0	2	20
421	1	2	28
422	1	2	34
423	2	2	20
424	4	2	22
425	1	2	30
426	4	2	25
427	2	2	31
428	4	2	39
429	0	2	20
430	0	1	21
431	2	1	35
432	4	1	33
433	1	1	26
434	3	2	29
435	2	2	20
436	4	1	25
437	2	1	21
438	1	2	26
439	2	2	21
440	0	1	24
441	3	2	37
442	1	2	22
443	4	2	30
444	1	1	25
445	1	2	24
446	3	2	25
447	3	1	24
448	4	1	30
449	1	2	23
450	4	2	28
451	1	2	36
452	2	2	36
453	1	2	22
454	0	1	35
455	4	1	34
456	0	1	24
457	2	2	27
458	0	2	21
459	0	2	23
460	2	2	26
461	0	2	20
462	3	1	21
463	4	2	37
464	0	2	28
465	2	2	34
466	3	2	24
467	4	1	35
468	0	2	26
469	4	2	37
470	4	2	20
471	3	2	21
472	3	2	39
473	1	1	25
474	2	2	20
475	4	2	29
476	1	1	21
477	4	1	32
478	2	1	38
479	3	1	26
480	2	2	20
481	1	1	29
482	2	2	23
483	2	2	36
484	0	1	29
485	0	1	33
486	1	2	29
487	0	2	37
488	0	2	29
489	4	1	20
490	3	1	30
491	1	2	38
492	3	2	32
493	1	1	23
494	4	1	29
495	1	1	37
496	4	2	32
497	3	1	20
498	4	2	29
499	1	1	22
500	4	1	32
501	4	1	29
502	2	2	37
503	2	2	28
504	1	2	25
505	3	1	21
506	4	1	34
507	3	1	27
508	2	1	27
509	2	2	35
510	1	1	34
511	0	1	26
512	3	1	36
513	4	2	21
514	0	2	33
515	3	1	21
516	3	1	39
517	2	1	29
518	3	1	38
519	2	1	23
520	0	2	26
521	1	1	21
522	1	1	23
523	4	1	29
524	4	2	20
525	3	1	37
526	3	1	33
527	1	2	32
528	1	1	29
529	1	2	24
530	4	2	22
531	0	2	28
532	4	2	31
533	1	2	38
534	4	1	20
535	2	2	20
536	0	1	39
537	3	2	21
538	4	1	33
539	4	2	24
540	2	2	39
541	1	1	37
542	0	1	23
543	2	2	25
544	2	1	21
545	3	1	35
546	3	1	31
547	4	2	28
548	3	2	37
549	3	2	37
550	0	2	21
551	0	1	34
552	0	1	27
553	4	2	38
554	1	1	34
555	1	1	31
556	1	1	27
557	4	2	37
558	4	2	29
559	4	1	33
560	4	2	20
561	4	2	29
562	4	1	26
563	3	1	30
564	2	1	38
565	2	1	28
566	4	1	32
567	3	1	29
568	0	2	20
569	3	2	28
570	2	2	25
571	2	2	20
572	3	2	35
573	4	2	22
574	2	1	24
575	2	1	22
576	4	2	32
577	3	1	38
578	3	1	27
579	3	2	24
580	1	2	35
581	4	2	23
582	0	1	33
583	2	1	30
584	4	1	39
585	1	2	27
586	4	2	22
587	3	1	28
588	1	1	29
589	0	2	24
590	0	1	25
591	4	1	20
592	4	1	25
593	2	1	20
594	1	2	25
595	2	1	26
596	2	1	22
597	4	2	27
598	3	1	35
599	2	1	33
600	4	2	37
601	0	1	28
602	3	2	23
603	4	2	24
604	1	1	20
605	1	1	34
606	4	2	29
607	4	1	34
608	4	2	37
609	2	2	35
610	0	1	39
611	1	2	30
612	1	1	38
613	4	1	25
614	3	1	24
615	4	1	22
616	3	2	38
617	2	2	31
618	4	1	39
619	2	1	36
620	1	2	25
621	3	1	30
622	3	1	33
623	4	1	22
624	1	2	23
625	2	2	37
626	4	1	39
627	0	1	39
628	3	2	27
629	0	1	27
630	2	2	32
631	1	1	38
632	3	1	21
633	2	1	39
634	4	1	37
635	0	2	27
636	0	2	37
637	3	2	37
638	1	1	22
639	4	2	39
640	1	2	27
641	0	1	30
642	1	1	21
643	2	2	24
644	0	1	22
645	4	1	36
646	1	1	37
647	1	1	26
648	4	1	38
649	4	1	35
650	4	2	33
651	1	2	32
652	2	1	23
653	0	1	23
654	4	2	21
655	1	2	30
656	3	2	27
657	1	2	20
658	0	2	20
659	3	2	25
660	0	2	20
661	2	2	35
662	3	2	31
663	4	2	27
664	3	1	37
665	3	2	30
666	2	1	21
667	2	1	30
668	4	1	23
669	3	1	22
670	4	2	31
671	4	1	23
672	2	1	27
673	2	1	39
674	4	2	27
675	4	1	24
676	3	2	26
677	3	2	31
678	0	2	28
679	0	2	38
680	1	1	24
681	3	1	35
682	0	1	32
683	3	1	31
684	2	2	28
685	0	1	27
686	4	2	29
687	2	1	36
688	4	2	32
689	0	2	33
690	2	2	20
691	3	2	37
692	2	2	37
693	1	1	32
694	0	1	32
695	2	1	21
696	2	2	29
697	3	1	37
698	1	2	22
699	4	1	23
700	0	2	33
701	0	1	22
702	4	2	37
703	3	1	30
704	1	1	36
705	1	1	26
706	0	1	39
707	0	2	26
708	4	1	27
709	0	1	20
710	0	2	29
711	0	2	35
712	3	2	35
713	2	1	31
714	2	1	24
715	2	1	30
716	2	2	24
717	1	1	38
718	2	2	21
719	3	2	28
720	2	2	31
721	3	1	24
722	2	2	35
723	1	1	22
724	3	2	31
725	0	1	38
726	2	2	23
727	0	1	27
728	2	1	20
729	3	2	32
730	2	2	31
731	1	2	21
732	4	2	29
733	0	2	21
734	0	1	30
735	2	1	38
736	3	2	23
737	2	2	30
738	1	2	39
739	2	2	32
740	0	1	37
741	4	2	21
742	4	1	36
743	2	2	20
744	1	2	20
745	2	1	35
746	0	1	25
747	4	1	23
748	1	1	30
749	1	2	23
750	0	1	29
751	4	1	31
752	0	2	36
753	4	1	32
754	4	1	30
755	1	2	32
756	3	1	30
757	0	2	29
758	0	2	32
759	3	1	25
760	3	2	31
761	3	1	31
762	4	1	26
763	2	1	21
764	3	1	39
765	0	2	27
766	1	2	23
767	1	2	29
768	4	2	27
769	3	2	20
770	1	1	26
771	1	2	20
772	1	2	38
773	3	2	20
774	1	2	29
775	4	1	33
776	3	1	22
777	0	1	35
778	0	2	28
779	2	1	28
780	0	1	39
781	4	1	27
782	4	1	22
783	2	2	32
784	0	1	22
785	1	1	38
786	4	1	35
787	2	1	36
788	2	1	21
789	2	2	20
790	1	2	27
791	3	1	23
792	0	1	21
793	2	2	29
794	0	1	22
795	3	1	29
796	0	1	20
797	4	1	31
798	3	2	25
799	4	1	23
800	4	1	21
801	3	2	37
802	0	1	20
803	4	2	33
804	0	2	33
805	0	2	23
806	2	2	28
807	1	2	39
808	2	2	31
809	1	1	26
810	1	2	31
811	1	2	25
812	2	1	34
813	4	2	26
814	0	1	22
815	2	2	28
816	4	1	30
817	3	1	38
818	2	2	31
819	0	1	29
820	0	2	25
821	4	1	25
822	0	1	32
823	2	2	22
824	2	1	27
825	1	1	35
826	4	2	31
827	1	1	24
828	2	1	20
829	2	1	27
830	2	1	26
831	4	1	34
832	1	2	20
833	0	2	26
834	3	2	20
835	3	1	32
836	1	2	20
837	2	2	38
838	3	2	25
839	0	2	36
840	3	1	20
841	4	1	33
842	1	1	35
843	1	2	28
844	1	1	28
845	3	1	32
846	4	2	35
847	2	2	37
848	3	2	23
849	4	2	32
850	3	2	23
851	2	1	27
852	1	1	33
853	0	1	22
854	4	1	31
855	2	2	29
856	2	1	28
857	0	2	25
858	1	1	33
859	1	2	30
860	0	2	30
861	1	2	29
862	1	2	23
863	1	2	36
864	2	2	37
865	1	2	38
866	0	2	24
867	0	1	20
868	0	2	24
869	3	2	39
870	3	1	21
871	2	2	31
872	2	2	28
873	3	1	36
874	1	1	25
875	2	1	27
876	1	2	21
877	1	1	20
878	4	2	39
879	1	1	25
880	3	2	34
881	3	2	32
882	4	1	37
883	4	2	38
884	3	2	26
885	1	2	24
886	1	2	28
887	1	1	28
888	2	1	21
889	4	2	31
890	1	1	36
891	3	2	31
892	3	2	39
893	0	2	22
894	1	2	25
895	3	1	20
896	3	1	20
897	2	2	36
898	4	1	39
899	1	1	25
900	0	2	32
901	2	1	29
902	1	1	30
903	2	1	21
904	1	2	39
905	3	2	35
906	2	2	39
907	3	2	30
908	2	2	36
909	0	1	20
910	0	2	32
911	2	2	32
912	2	2	26
913	4	2	25
914	4	1	23
915	1	1	35
916	0	2	32
917	0	2	35
918	0	1	36
919	2	2	36
920	2	1	26
921	1	1	21
922	2	1	20
923	3	1	20
924	1	1	35
925	2	1	30
926	2	1	27
927	1	1	35
928	4	1	28
929	3	2	23
930	4	2	22
931	3	1	24
932	1	2	37
933	4	2	35
934	4	2	21
935	3	1	24
936	0	2	35
937	4	2	37
938	4	2	31
939	1	2	23
940	2	1	26
941	1	1	30
942	0	1	20
943	4	1	32
944	4	1	28
945	0	1	24
946	4	2	27
947	0	1	21
948	0	1	22
949	3	2	27
950	2	1	29
951	4	2	36
952	2	2	26
953	2	2	30
954	3	1	21
955	4	2	29
956	4	2	28
957	0	2	24
958	2	2	24
959	3	1	20
960	4	2	37
961	2	2	20
962	2	1	35
963	0	2	31
964	2	1	38
965	0	1	30
966	0	1	23
967	2	1	23
968	1	2	21
969	2	2	36
970	2	1	28
971	3	2	28
972	1	2	38
973	0	2	27
974	4	1	37
975	0	2	39
976	1	1	27
977	1	1	38
978	3	2	31
979	0	1	21
980	2	1	36
981	4	2	35
982	0	2	25
983	4	2	29
984	0	2	25
985	0	2	28
986	1	1	27
987	4	1	24
988	0	1	29
989	1	1	30
990	0	2	22
991	4	2	31
992	2	1	25
993	2	2	23
994	0	1	35
995	2	1	21
996	2	2	20
997	2	1	26
998	0	1	26
999	1	2	31
