[Candidate Service: (ActivityNo, ServiceId, Price, Reliability, ExecTime)]
0	0	40	74	4
0	1	75	89	1
0	2	75	85	1
0	3	34	92	4
0	4	84	83	2
0	5	50	74	2
0	6	55	86	9
0	7	38	83	7
0	8	87	76	4
0	9	23	85	7
0	10	69	95	2
0	11	98	99	2
0	12	51	89	9
0	13	58	86	7
0	14	65	77	3
0	15	56	81	7
0	16	72	77	8
0	17	67	71	7
0	18	71	77	4
0	19	65	70	4
1	20	75	84	3
1	21	36	73	9
1	22	81	70	3
1	23	67	74	5
1	24	62	74	5
1	25	34	91	4
1	26	64	99	1
1	27	48	98	7
1	28	52	99	7
1	29	46	93	7
1	30	60	86	5
1	31	18	88	1
1	32	40	97	2
1	33	31	99	6
1	34	94	83	1
1	35	94	80	4
1	36	32	96	1
1	37	24	86	5
1	38	68	77	4
1	39	45	75	7
2	40	68	84	5
2	41	16	76	7
2	42	61	78	7
2	43	52	81	2
2	44	70	89	3
2	45	26	90	1
2	46	34	98	2
2	47	36	96	7
2	48	79	90	2
2	49	12	87	5
2	50	83	88	5
2	51	54	85	6
2	52	36	75	4
2	53	34	75	6
2	54	31	97	7
2	55	73	84	6
2	56	56	72	4
2	57	23	93	3
2	58	14	72	2
2	59	19	88	3
3	60	59	95	2
3	61	23	88	1
3	62	14	82	1
3	63	97	72	4
3	64	36	81	8
3	65	37	79	4
3	66	19	94	5
3	67	28	93	3
3	68	72	98	1
3	69	27	79	3
3	70	99	85	7
3	71	43	87	8
3	72	85	72	2
3	73	87	72	6
3	74	75	78	2
3	75	49	80	2
3	76	57	96	2
3	77	28	97	2
3	78	79	95	3
3	79	43	70	1
4	80	78	91	9
4	81	14	89	3
4	82	66	96	4
4	83	57	91	7
4	84	92	81	5
4	85	19	91	5
4	86	70	98	8
4	87	92	79	7
4	88	37	95	4
4	89	99	77	7
4	90	38	74	9
4	91	27	90	9
4	92	22	95	9
4	93	88	78	7
4	94	12	97	7
4	95	41	87	8
4	96	96	71	6
4	97	38	86	8
4	98	61	91	3
4	99	82	92	9
5	100	36	81	9
5	101	34	89	4
5	102	53	82	3
5	103	70	82	8
5	104	50	82	3
5	105	76	93	1
5	106	34	84	9
5	107	38	85	4
5	108	10	88	9
5	109	50	82	3
5	110	21	70	1
5	111	97	80	6
5	112	12	81	8
5	113	64	86	4
5	114	41	75	4
5	115	60	71	5
5	116	43	98	2
5	117	83	99	9
5	118	22	80	4
5	119	72	92	9
6	120	75	83	7
6	121	22	82	5
6	122	42	82	1
6	123	40	97	5
6	124	94	76	9
6	125	86	86	3
6	126	93	88	5
6	127	10	99	8
6	128	39	71	1
6	129	52	84	3
6	130	93	70	7
6	131	43	73	5
6	132	89	71	1
6	133	90	95	7
6	134	53	85	4
6	135	86	70	9
6	136	76	87	1
6	137	63	80	2
6	138	32	86	3
6	139	89	79	6
7	140	63	84	2
7	141	73	95	6
7	142	87	86	1
7	143	76	95	9
7	144	39	96	9
7	145	27	76	6
7	146	12	87	3
7	147	99	72	4
7	148	91	87	3
7	149	40	80	1
7	150	19	95	5
7	151	54	72	7
7	152	78	90	3
7	153	16	98	2
7	154	71	76	3
7	155	22	95	9
7	156	95	71	9
7	157	25	90	2
7	158	23	84	6
7	159	93	99	6
8	160	78	71	3
8	161	96	71	1
8	162	23	98	2
8	163	29	89	9
8	164	23	81	1
8	165	43	71	5
8	166	76	82	1
8	167	21	84	6
8	168	48	72	4
8	169	33	81	9
8	170	39	98	4
8	171	52	85	8
8	172	13	70	8
8	173	46	95	4
8	174	64	86	1
8	175	66	84	7
8	176	65	76	3
8	177	53	83	8
8	178	75	88	6
8	179	21	95	9
